#    元素    Z    浓度           容量真实     容量预测    保持率真实    保持率预测     综合误差
1    V     23   0.0300     185.40   185.11    86.19    86.38   0.0310
2    Na    11   0.0100     188.91   189.00    87.65    87.35   0.0359
3    Zn    30   0.0100     180.70   180.05    81.35    81.35   0.0485
4    Ge    32   0.0300     178.70   179.12    80.86    80.42   0.0607
5    Ca    20   0.0100     189.38   189.62    85.51    84.99   0.0633
6    La    57   0.0050     188.70   188.10    92.74    92.26   0.0719
7    Ca    20   0.0050     190.21   189.48    84.54    84.95   0.0733
8    Ta    73   0.0050     191.00   189.88    90.84    90.74   0.0853
9    K     19   0.0050     190.82   191.85    88.74    88.26   0.0957
10   Ti    22   0.0300     179.50   179.51    97.94    97.07   0.1020
11   V     23   0.0050     188.70   187.51    76.15    75.59   0.1111
12   Mg    12   0.0100     182.92   184.03    95.89    95.25   0.1118
13   Ti    22   0.0050     193.33   191.84    88.97    89.23   0.1161
14   Zr    40   0.0100     190.60   191.06    87.09    88.13   0.1262
15   K     19   0.0100     187.39   187.59    93.87    92.79   0.1269
16   Ru    44   0.0100     155.70   154.74    65.50    64.60   0.1271

16样本汇总: cap RMSE=0.7905, ret RMSE=0.6032
